254084
4610814
1418641
274180515
5947361
2524743
86360650
7221947
6393494
76419072
26906406
431221275
230975
77805543
80536669
318451922
350856611
68193282
4721927
223393
8382813
37039
43562
100052
264781
320718230
342718931
217085
142001
445500473
239745
2524742
81194743
74285777
37940
8548581
4293480
38146
38338
275023982
359623659
230107
36362
64270
39160
222495
45841
247217
11848740
39150
268289400
7128278
39459
29002327
6932183
40262
321649575
415577754
5778716
287953
8674068
10316346
167404
441465593
204573
40562
41981
275120399
42120
29046907
7299505
37749
8800757
34266634
413306903
182653
102592
25060707
47926319
27872356
43190
44567894
9222812
40437705
40923
29717099
4293481
79955
84559979
21808790
21200114
5304916
11027185
43782
50454234
277800
145234
55552
5332673
5937547
287814877
44776
44141
44535
44210
419006550
76419017
44817
8737550
43672
79446348
7612942
38786
53857
446969865
36295
40532
7095583
31718959
45809
24223654
56535
3160801
260118
4802237
31627545
367417917
45878
46648
46493
11790931
80344139
1908419
2252611
8515120
369599371
82356054
432159632
352938983
38312852
48403
48163
48449
8933855
376094874
202134
47140343
58695765
10400881
5947360
276510529
47787
47727
41019
47512
43238
30050785
44476458
54737053
3145470
138633
6659074
24115892
76091701
52069305
82542
77672033
57023186
77748
5947356
9258827
2115184
47249
49207
6379051
36038
36473684
22081940
48131
54004
49480
5361442
3554762
5750168
40783
53974
46467469
3582563
41465
35655549
415778133
141091
8802066
39706329
4802239
7308393
210440
26900786
36099304
4721929
9114664
359322891
48035
7892767
6672769
25671908
35330405
49074
21723893
43444206
17924579
3701898
47369
3094568
48693
5909241
35544754
9222814
45603
9390150
46706
92553
252863
46090
34969081
35993
233126
21420842
82040525
4950136
5457157
39378
88582259
40074
22926371
286178
68917851
68917852
293718307
54697
272937
46767
36368870
80670972
54480
352106310
6379050
200432
206551
357032700
141262
283903
41979
3137370
371017435
9390152
5366753
308983847
107642
52305562
71433
55093
8242252
55588
5528474
55928
375443822
113640
3582564
272772
212906
308353064
165941
80536682
64580
1692863
74087881
1821322
3701900
102773
57470
77450429
13217604
3386997
57558
9421729
58835476
50040296
275042487
8515119
58305
6073008
65215
73850034
5593092
8507324
36399294
9258834
77070822
59677
62892
404139949
59606
62386
361119194
297246159
68364
60947
28229548
404836679
239146
403677200
58001
408038372
434745285
409599759
63926
61665
282421
5933270
4905124
41380
66498
62113
62183
445688844
28438990
203725
34046163
445699162
5593091
62166
378488321
35839599
39358612
63027
36805886
58949
1562366
39760025
75736395
27605534
66433
5438246
182451
41268488
7068074
368583474
428705497
64443
43678945
62555
7501402
63746
64210
67554
243115
368947107
65011
78125392
65506
38400207
61323
371006415
44457163
150649
62370
58108
417550502
65936
28856240
27209221
250743
357797014
275465244
432161599
66232
9231395
66844
147448
6133403
67376
320824525
28290846
39109400
12726856
8382814
31982624
68005
315686855
1832678
65005
69318
5933277
205463
231687
4974472
83276
408163674
1766112
430707582
24115563
164566
441206941
46718237
6063614
4905123
69279
12243010
82603054
5892637
443107994
6785712
21851881
81380
448575443
35292739
72054
72263
75783
83935
6672768
78489
8737551
20525895
71867
39503167
5086970
28155313
4574061
5120342
82162985
253740
70441
82304823
308087632
41006
84342
21561804
2754755
77143
282417
138137
45126611
7576082
3494642
27731853
4798444
220960
59713041
80536687
84686
83995
357797431
4483100
8952554
73885
75117
7356426
352903709
8816292
75080
27871625
367457985
198103
7299508
323504775
24708742
446930651
72118
39341182
36856
182542
225758
181723
83046
7678159
78310
321005095
58251839
3696331
8952553
1704543
202616
7900613
69753
181975
27486573
77177
77578
23114108
359697267
380011410
71595
79168
71973
74099
35079876
39292
288040
76822
8375741
35887434
81322
79226
70547
444640568
79390
77795
80487
28076764
7356424
39739
95521
283517
9626926
4925342
300277662
236661
409596669
294777983
82356055
418813887
79064
81982
9335901
1751231
49020907
56950933
357446618
27629206
25838020
457734092
27528971
79559
292986095
73977
28155905
39114916
5965338
84858
5336532
74041
36903438
140693
442409665
71701
367574066
78042
421653227
6926310
238505
229388
9421731
70153
82800
7128279
82193
82367
77209
54499
83477
83513
298471412
83753
325096015
8952555
6195515
445699724
9071871
51235737
25307377
260653
30738601
7082870
93425
86771
34986559
378324481
288813
88466
405294340
54789
1675263
94506
48748
34935600
45155616
89264
62769
93904
92660
9448865
89365
2327700
27317116
320037656
280868
51188069
335544235
9114665
59739
37108025
93641
90322
369696344
438986215
68678866
1745764
273597
309088451
22046489
429233751
70138536
9335899
91904
27428670
7892775
375434784
40330656
1534842
372892359
346108038
261751
80536690
221489
77070823
24872738
445266332
364052368
4950134
3582559
373098466
415924275
9287979
6144328
205340
11521069
2524739
69928310
81059550
4574058
24296398
86359442
457707789
4574060
363017115
52432768
380433360
76484697
370131240
105236
99315
21381081
446761467
103843
1908415
299404828
79537440
98048
415579749
413106728
98132
5162749
1742275
9448866
50917406
3916120
9287980
263825
166116
96701
6063607
8600796
9687361
4306773
3918761
68191745
38438812
2754746
6195516
99947
93673
103366
228423
443098433
6087208
39509
312015836
7068075
70448396
36099305
102334
7133298
103179
101874
96660
9335900
27605545
283582
99893
99925
75648
27739332
381121561
102223
22369219
37208298
81389049
44939793
49750255
94997
249956
28321076
26556595
48219243
104041
419301771
38688
41187
284769
81389048
103324
7563110
86313930
2524736
268749
114137
360895068
104489
112378
311741293
302385793
371418342
403332327
431390393
53697
36544095
3345509
3145469
67173638
106371
84409438
1682787
112341
7479570
441223693
270431
51112915
31830469
109555
176113
285627
79984
113937
104967
6133401
87173504
108040
105672
9678116
54237
39731
107899
52543186
374389949
26586733
30892440
108355
80254578
28499855
256642
372878754
25249304
377933804
69292724
4974471
39747394
437510064
360823451
267711
112695
113575
88049239
298928652
248718
408837563
142924
9231396
6063610
6349881
114710
425420659
95578
355426936
276022715
1740883
21485888
274528592
140018
143748
6195519
8406435
1908420
70353567
11502343
73902425
8242253
20389571
86540654
142658
276642134
76053381
74746746
4046116
373852683
37738585
135835
4089425
295658650
3739823
8157197
1454693
330206002
9177578
287941
4765080
135990
76686708
139207
3696332
139906
257739
136328
81833644
35626577
4888443
136381
136980
409569783
2912695
43581989
200328
367477432
140949
58120372
141354
31830468
140322
1751230
135713
141962
351271957
371335125
7128281
2754745
7501403
4802236
8707205
142048
7486256
8019801
349800590
7964293
142970
143461
143438
198572
146303
148261
149766
27596288
5336533
263319
150534
10111515
144287
4501894
296612
140399
318609859
76878343
373340243
26083820
147577
172915
323178817
149408
13775205
148163
1579829
152189
6903499
40634036
146525
145476
146094
146595
146707
70369
148595
374122535
151244
24800909
23349945
363486607
70099155
8866106
46899
7884268
146066
7734114
79784463
149916
375615533
300267280
50941836
322656327
48990831
19876426
152427
152570
318107285
153068
371391348
35692799
165620
165705
414952026
165817
165855
46073
233959
5937552
8800759
135960
59813
7082868
166274
58123571
11631598
168284
4559880
164649
7382858
136598
42311
25182360
52015058
210881
69855769
3416619
164179
25167901
283015
369734787
70485942
151417
310471326
2115191
37854601
373330958
168752
449420550
168649
163856
267736
40371687
136016
7666033
215251
138528
45562164
6903497
1657170
51466437
21702210
164836
170912
226952
164151
26261698
56127405
168207
80536724
86359753
168679
342556346
11832296
151710
5194927
58541004
75481622
50879081
113647
170277
320714862
438993992
53283669
23974448
239760
173368
9335902
146944
146251
73902429
31923986
320852357
445460642
172287
338419468
260792
174933
381201979
174872
432204467
175403
175177
286521
271347
175256
447974452
179931
8307633
268176
9413784
58479276
291340
290929
377938230
7161053
283691
375749560
81310
41001
6908390
175807
7161054
3835502
21388093
27538556
217161
23164434
412343324
7082872
1742273
1450030
26127829
27877794
68083886
40257411
293544879
35292738
142754
8077886
176322
319738470
9231394
264036
178373
441176821
208214
298963109
354542737
66034
201151
178046
178637
34566321
2754753
437306436
179164
50941843
179704
27360252
362581530
143701
184093
184136
49442
184709
245013
279814
57604202
8800760
82191931
25157280
164993
184580
4721926
47385
278016
11893279
183085
182455
1450031
184293
53914
69928314
375606346
226407
6708658
282242
181455
35079877
311755307
183754
58609619
55144397
5593085
6087209
184888
8800758
375415600
353173919
374132959
344829850
274062
182001
38312851
9390155
9258833
181905
3105252
183183
174121
80536691
82257125
6063611
425800872
5189894
194813
194790
26830628
3590522
196126
27904717
22399201
197202
1650700
196571
228587
428148342
404503608
6903498
4306778
3413635
200423
45799
302451098
196574
76051972
81492
12261638
50040300
8382812
75884192
286441
264311
5965336
199804
8881285
402224439
80536725
23903347
401123914
21476653
1650699
3413636
208176
65357
372813491
7678154
419808224
143247
319498453
202861
427805954
197981
39768453
4714650
34668920
80536726
65117
207679
200457
88500869
202746
320739662
25907394
199239
202072
6945231
7095582
200611
57084486
68854285
254697
149986
50943752
28252458
3823776
202318
54488
67148
20874673
382897154
206949
199097
199119
68602742
8548582
21663860
76950261
6133404
276547981
6063608
207960
354548617
321663203
28227999
373436960
286461
17738814
288098
316645438
5909235
202498
26256951
198007
198701
204958
27859745
5184428
199278
37641208
7678155
114625
201333
200330
4588811
35844258
206527
276069968
205201
320070702
82356071
67510869
4718236
12390046
22103572
404151104
203616
403811203
7402570
204514
203069
340803690
76091705
3145467
5457155
5892634
226137
408056701
203595
343529799
206328
200436
55881
35087318
408128413
205631
205830
197736
30574812
374514618
30892439
138079
80536727
8952557
21164388
294783988
87650090
20041842
221614
337658161
4802241
209152
431186225
7315167
80388314
52853260
83031
208940
70414175
442155986
294670004
28877579
4574062
209421
151950
237990
442141046
31122957
240272
57783593
276540208
217733
50674086
440540239
211169
369611400
181047
27174537
441638808
212085
8077883
150087
367462440
210100
45639855
58878598
9071870
27447921
6652213
8011691
9141105
437487740
210076
145039
69996533
34529457
212960
12134104
25213303
209701
419550458
5909240
5366754
217509
219088
29042928
238369
23275855
325321387
55399
223090
318737831
354040853
8390020
217392
217593
5361443
262443
26323613
218373
22616901
417782706
26701925
352967031
2343898
11129311
139499
220245
220467
434709431
7865881
39608
406220433
95270
21539580
8011693
24271815
3587557
68337442
223287
220851
417780517
7308391
221532
411920751
221785
34083004
2754751
318449518
337569597
76853224
95075
82191933
37544
371022659
75923
221285
44925531
27277396
200633
54591115
220974
222980
223530
222939
35358306
84538
80536748
5366751
136637
104025
9202583
70204744
223046
77414939
45807771
86360005
220825
353789288
318891995
5649744
224015
9413785
442941828
9354104
7334324
271859
204384
227174
228191
80738925
231845
171967
70353591
43092786
226966
28018238
226315
264193
256318
73798
22065685
1598575
82356078
82836
53618803
434716221
30599817
7892774
457740865
5593094
57219595
49957043
7128282
232688
6708659
227432
146297
146343
227465
7892777
264142
437474597
447978239
1598574
11193898
80536809
232984
51235738
234152
235490
9626924
234421
224934
236716
228972
165919
232083
1534841
228220
8027516
4610813
7650935
74285858
229539
437480542
228662
4714652
299612510
7377005
230939
403829303
9114666
318528613
31417894
74819752
70172314
231195
9695998
236079
445267910
10437143
53283667
197259
212312
447992595
359096190
12178099
232824
4718237
152668
225892
27062867
231303
80404528
280607
55047821
234298
55367
234083
230995
1682788
5892638
440268233
23478127
358468559
233802
21401093
5947364
80536810
69781285
320554376
11875263
6063612
228779
40214312
10145484
293458769
26596916
366809653
316350719
420737528
238066
237135
361676148
237176
275928016
7466455
7964292
238240
70806331
6189677
9390151
238157
238290
112365
3145465
267443
77705936
56592791
355053662
107807
198465
243294
241823
243496
357037276
244757
244352
382583655
142861
3094569
6316053
239924
240471
449562589
70172328
319872731
205808
324635999
242746
152243
240561
8251895
3918764
240211
36066063
2534038
7402564
62286
343972702
240150
28186027
26294136
5086971
240711
7734113
239963
277599290
4306776
67701075
3494643
79146127
244730
434705626
343507757
27553927
275100048
136754
27429473
243138
244928
54753410
7363189
34560088
72292
243192
1425230
247339
428980596
4888444
402170356
28474057
3746899
245892
79097234
8433166
3137371
56819080
43092787
1596039
442189459
242072
27570233
8952556
427096335
242230
242302
239864
16935396
424265654
7402571
243165
3145471
105270
442177116
442152613
376838050
246006
4974474
11655356
75481625
7678157
34233751
72172995
241899
34542084
300431802
309354444
248734
3347786
3746898
39706376
255248
5909234
260227
251652
70485944
37920572
58398202
261429
3750911
455761552
9216743
91783
76053389
251361
69430481
167026
253440
354059085
403817190
250201
79849
68502887
78515
1602597
253118
431866135
250997
282227
28101123
375610518
82038
49565717
259774
265887
400443106
23693826
283651
72700592
203972
353800105
6144327
28186030
19879526
56845837
52379331
22383699
275486865
23216001
413486217
260182
55666
223106
255500
1832677
35504349
360883893
9014663
5965345
72333261
445253169
80404535
256133
20434136
8433167
259515
259803
254808
25223544
9258828
323488946
4696716
2421359
254471
39277130
2534636
7334326
344661789
5933282
76252476
67291570
255621
257621
252792
337797910
235164
222792
88102539
9231398
249999
3526639
1657171
22330039
5947363
3741056
266801
4721928
205172
7133300
417089262
77414972
435415418
233031
270335
9130939
7133299
11685444
74848771
434741094
85346187
11027186
261694
19874919
25989504
21702227
25665334
258471
430708791
74386311
59611073
260339
1692864
40134
5494744
252220
254714
36199
28544970
82305786
143009
55971645
34830437
95063
255695
54273
261884
112844
256024
3494641
98538
21391573
59528586
255972
262522
69667279
262335
1692865
250258
250180
6891147
263046
262270
22106107
8707206
274040204
256840
135881
82149400
5767969
84508
196520
56127406
9390156
57684885
212104
372477979
7402562
8242255
264909
264877
24497838
3416620
54610058
12274066
274152
265007
428110243
27308383
430702430
265076
5909236
41268420
86443
265168
267848
265303
228552
51814018
265976
373302690
270358
343786496
439018320
269616
319835885
267744
221585
24788500
4306779
274839
323505775
86540647
9130940
80404493
43643574
436332016
9231397
406187694
75736407
272313
34171005
79812959
27308384
5372906
6063603
288467
1729302
219040
21524899
268373
225701
80254703
400106777
448318793
267859
36767206
5909239
368830106
299462834
404061095
5892636
230900
428438976
55587714
270382
436895645
382171155
252349
320048269
8859432
58836417
4306780
324924837
56664148
271118
7678156
257848
294665959
39706371
298900950
273316
269133
237393
35971691
266012
265926
31673737
7884267
21727633
265607
367671342
3696335
19876209
272492
6785711
238226
3916121
52379327
51013204
419008734
7402565
5426138
7678160
274830
275635
80171184
7402563
31464140
377532300
277508
454531785
5980330
26952879
319466808
5593093
402287278
78408561
48279033
79993191
275565
403789822
84549
181127
1418642
235546
29980100
3916119
9231399
321033767
368486095
380442325
35858432
28104843
5361441
7068076
7363198
8859433
27605544
11893280
429004886
280634
40340790
74450218
48076045
287524
280834
23718456
199912
282439
11631596
235006
279643
58298142
400412448
77350962
3347787
8107229
3292163
358093196
9695997
222358
113944
343025665
217222
28038021
263735
8990707
442407677
5933269
9258831
283643
349616320
415451432
285475
255078
257488
28549200
283709
375415140
59142904
288207
400429759
283632
86360740
284512
283895
27506023
319871741
2524741
284705
24326657
9532038
287752
76051977
373366067
20442137
283907
4802238
9216746
258460
26831512
273044
285230
7563112
449597322
78438895
422200868
61175
375608100
222443
339231743
26414568
3909848
7666029
321006106
287154
287002
266652
286741
286965
1832680
252178
27459186
316836420
51013249
86360857
7486254
6945232
5593096
220519
31367556
3105258
7466452
47163803
9687363
27155472
35760375
1742033
1418412
66867477
442147837
8674069
6063613
139483
60406
408716984
7334327
45305776
57896873
52026669
293605
294666
41287590
21702225
71790
142178
20708569
